CUTE-1 (CO-55)          
1 27844U 03031E   15060.02915910  .00000389  00000-0  19672-3 0  9999
2 27844  98.6977  70.0952 0008657 251.3481 169.5890 14.21724173605074
CUBESAT XI-IV (CO-57)   
1 27848U 03031J   15060.24680644  .00000333  00000-0  17277-3 0  9998
2 27848  98.7074  70.1604 0008536 258.6097 230.2708 14.21382183605010
CUBESAT XI-V (CO-58)    
1 28895U 05043F   15060.51732352  .00001388  00000-0  28187-3 0  9993
2 28895  97.8228 253.9175 0015941 278.5150  81.4246 14.62538686497857
NTS (CANX-6)            
1 32784U 08021B   15060.63347366  .00001941  00000-0  23179-3 0  9995
2 32784  97.6629 105.6963 0016033  66.5211  90.8470 14.85252530370091
CUTE-1.7+APD II (CO-65) 
1 32785U 08021C   15061.09576273  .00002662  00000-0  30663-3 0  9995
2 32785  97.6639 108.5531 0014824  63.5261 348.3455 14.86442742370321
COMPASS-1               
1 32787U 08021E   15060.51654856  .00004368  00000-0  45843-3 0  9998
2 32787  97.6665 111.4707 0014407  54.7723 305.4842 14.89929023370477
DELFI-C3 (DO-64)        
1 32789U 08021G   15060.18129400  .00010823  00000-0  92144-3 0  9994
2 32789  97.6865 121.8517 0011020  35.2117  28.4894 14.97922022370902
CANX-2                  
1 32790U 08021H   15061.01763391  .00002496  00000-0  28917-3 0  9996
2 32790  97.6597 107.5361 0015520  64.4507   0.0589 14.86261032370272
SEEDS II (CO-66)        
1 32791U 08021J   15060.13055729  .00003198  00000-0  35217-3 0  9999
2 32791  97.6661 109.2539 0015271  60.8065 299.4677 14.88156262370242
SWISSCUBE               
1 35932U 09051B   15060.77575665  .00001244  00000-0  29873-3 0  9990
2 35932  98.3952 178.8958 0006872 314.7187  45.3450 14.55148542288345
BEESAT                  
1 35933U 09051C   15061.05701069  .00001243  00000-0  29706-3 0  9996
2 35933  98.3959 180.0479 0005184 331.8807  28.2109 14.55372042288479
ITUPSAT 1               
1 35935U 09051E   15057.22367598  .00000806  00000-0  19958-3 0  9999
2 35935  98.4061 176.4368 0007357 329.2057  30.8706 14.54618209287797
TISAT 1                 
1 36799U 10035E   15061.23600265  .00005649  00000-0  62492-3 0  9990
2 36799  98.0125 160.4608 0013041 193.0410 226.9382 14.87711874251056
M-CUBED & EXP-1 PRIME   
1 37855U 11061F   15060.38620850  .00008286  00000-0  51058-3 0  9997
2 37855 101.7153 220.4137 0200583  28.0885 333.0973 14.95213350181030
AAUSAT3                 
1 39087U 13009B   15061.50644963  .00000613  00000-0  23100-3 0  9999
2 39087  98.6094 260.2437 0011505 264.5098  95.4807 14.34968236105358
STRAND-1                
1 39090U 13009E   15060.49046230  .00000339  00000-0  13551-3 0  9997
2 39090  98.6149 259.7176 0008164 264.0847  95.9408 14.34731163105203
BRITE-AUSTRIA           
1 39091U 13009F   15060.55157522  .00000263  00000-0  10825-3 0  9999
2 39091  98.6097 259.4932 0009447 273.4772  86.5332 14.34837598105222
UNIBRITE                
1 39092U 13009G   15060.54649223  .00000241  00000-0  10067-3 0  9997
2 39092  98.6096 259.3154 0008334 265.7780  94.2453 14.34708843105213
DOVE-2                  
1 39132U 13015C   15061.37940762  .00003995  00000-0  29784-3 0  9998
2 39132  64.8750  49.3380 0038549 258.3899 101.2904 15.03743119102363
AIST-2                  
1 39133U 13015D   15061.42581747  .00002608  00000-0  20583-3 0  9997
2 39133  64.8756  50.5007 0038256 258.7995 100.8834 15.02451512102343
SOMP                    
1 39134U 13015E   15060.55206097  .00015076  00000-0  91653-3 0  9992
2 39134  64.8738  41.4035 0034463 266.7008  93.0172 15.10150115102436
BEESAT-2                
1 39136U 13015G   15061.23091310  .00011796  00000-0  74555-3 0  9997
2 39136  64.8743  40.8494 0034906 266.4570  93.2560 15.08864455102517
NEE-01 PEGASUS          
1 39151U 13018B   15061.18023435  .00001973  00000-0  27669-3 0  9994
2 39151  98.0216 145.7205 0016596 236.7637 123.1984 14.78530290 99658
CUBEBUG-1 (CAPITAN BETO)
1 39153U 13018D   15061.19460829  .00002264  00000-0  31432-3 0  9996
2 39153  98.0219 145.8791 0016469 236.5121 123.4516 14.78817874 99660
ESTCUBE 1               
1 39161U 13021C   15061.47704920  .00001359  00000-0  23029-3 0  9990
2 39161  98.0761 145.3422 0008546 297.6532  62.3813 14.70849297 97551
POPACS 1                
1 39268U 13055D   15060.52472187  .00028199  00000-0  88944-3 0  9995
2 39268  81.0123 154.8281 0716447 136.1523 229.8884 14.15335104 72775
POPACS 2                
1 39269U 13055E   15060.96969818  .00018691  00000-0  59289-3 0  9992
2 39269  81.0180 156.4709 0743718 141.8297 223.8041 14.09452403 72699
POPACS 3                
1 39270U 13055F   15060.22929882  .00012932  00000-0  42019-3 0  9995
2 39270  80.9964 158.4591 0757854 147.5378 217.4850 14.05928011 72516
PHONESAT 2.4            
1 39381U 13064B   15061.22103358  .00031577  00000-0  83753-3 0  9997
2 39381  40.5014  23.3226 0011750 229.9521 130.0263 15.37555919 71465
ORSES                   
1 39386U 13064G   15060.96840344  .00053669  00000-0  11590-2 0  9990
2 39386  40.4993  15.9250 0011461 228.0069 131.9772 15.43580914 71224
ORS TECH 1              
1 39387U 13064H   15061.18471093  .00462848  00000-0  23355-2 0  9992
2 39387  40.5087 343.8312 0022489 246.8772 112.9687 15.79170441 71912
PROMETHEUS 1-4          
1 39390U 13064L   15060.74114356  .00055490  00000-0  11532-2 0  9998
2 39390  40.4989  15.9360 0012446 229.1663 130.8075 15.44686641 70680
PROMETHEUS 1-2          
1 39391U 13064M   15061.25835221  .00054887  00000-0  11348-2 0  9991
2 39391  40.4987  12.8198 0012503 232.0140 127.9548 15.44840719 69522
PROMETHEUS 1-5          
1 39393U 13064P   15059.93866894  .00056259  00000-0  11446-2 0  9999
2 39393  40.5178  20.2217 0013560 231.9290 128.0305 15.45288665 70522
PROMETHEUS 1-6          
1 39394U 13064Q   15060.20693337  .00056363  00000-0  11690-2 0  9999
2 39394  40.5161  19.5939 0013796 231.0011 128.9578 15.44721408 70527
ORS TECH 2              
1 39396U 13064S   15061.15142447  .00301608  00000-0  20859-2 0  9999
2 39396  40.5080 347.1918 0021633 247.7095 112.1438 15.72482836 70970
FIREFLY                 
1 39404U 13064AA  15061.29948862  .00028033  00000-0  78070-3 0  9996
2 39404  40.5161  25.5399 0007840 229.5888 130.4242 15.36127864 70885
VERMONT LUNAR           
1 39407U 13064AD  15060.96338430  .00059877  00000-0  12012-2 0  9999
2 39407  40.5208  14.0471 0012474 233.3137 126.6535 15.45692434 69311
PROMETHEUS 1-3          
1 39408U 13064AE  15060.19807780  .00056026  00000-0  11581-2 0  9997
2 39408  40.4998  18.8743 0012468 228.1304 131.8450 15.44840385 71307
ZACUBE-1 (TSHEPISOSAT)  
1 39417U 13066B   15061.13850326  .00002796  00000-0  37070-3 0  9995
2 39417  97.7433 127.6353 0062192 124.6045 236.1055 14.79284545 68801
WNISAT-1                
1 39423U 13066H   15061.39221538  .00000702  00000-0  15024-3 0  9997
2 39423  97.7186 108.4234 0177238 176.4577 183.7920 14.52234980 67605
CINEMA-2 (KHUSAT-2)     
1 39424U 13066J   15061.16289968  .00001756  00000-0  27320-3 0  9996
2 39424  97.7347 121.8075 0095644 138.3701 222.4839 14.71150774 68434
CINEMA-3 (KHUSAT-2)     
1 39426U 13066L   15061.11994289  .00001387  00000-0  22806-3 0  9996
2 39426  97.7308 119.7581 0107224 143.7972 217.0553 14.68336276 68307
TRITON-1                
1 39427U 13066M   15060.81462568  .00001749  00000-0  29423-3 0  9997
2 39427  97.7299 117.8271 0117324 149.3268 211.4865 14.66309567 68130
GOMX 1                  
1 39430U 13066Q   15061.14471797  .00001529  00000-0  29283-3 0  9992
2 39430  97.7235 111.9284 0154795 166.3723 194.1733 14.57719867 67780
BRITE-PL                
1 39431U 13066R   15061.10926388  .00000637  00000-0  14736-3 0  9996
2 39431  97.7138 104.0539 0203745 190.0270 169.6832 14.46354584 67281
HUMSAT-D                
1 39433U 13066T   15060.40716496  .00005926  00000-0  63496-3 0  9990
2 39433  97.7511 133.1507 0034300 117.1823 243.2898 14.88596655 69072
EAGLE 2                 
1 39436U 13066W   15060.15226030  .00035418  00000-0  27573-2 0  9999
2 39436  97.7539 136.0774 0023465 108.6939 251.6834 15.00918188 69253
VELOX-PII               
1 39438U 13066Y   15060.64757014  .00002107  00000-0  29732-3 0  9995
2 39438  97.7404 125.1168 0073704 130.6296 230.1356 14.76359525 68609
CUBEBUG-2 (LO-74)       
1 39440U 13066AA  15061.17517301  .00002569  00000-0  37558-3 0  9997
2 39440  97.7385 123.9052 0083846 133.0332 227.7940 14.74135671 68573
NEE-02 KRYSAOR          
1 39441U 13066AB  15060.16483858  .00001595  00000-0  23845-3 0  9997
2 39441  97.7373 122.7326 0084649 136.7886 224.0006 14.73639849 68363
FUNCUBE-1 (AO-73)       
1 39444U 13066AE  15061.13790666  .00003373  00000-0  44129-3 0  9990
2 39444  97.7436 127.7925 0061685 124.0865 236.6222 14.79724138 67582
UWE-3                   
1 39446U 13066AG  15061.21808831  .00002707  00000-0  37776-3 0  9995
2 39446  97.7402 125.7483 0073456 128.5249 232.2577 14.76620040 67464
BRITE-TORONTO           
1 40020U 14033L   15061.33113171  .00000648  00000-0  12051-3 0  9990
2 40020  97.9488 313.0583 0089559 107.3658 253.7363 14.65815101 37328
DUCHIFAT-1              
1 40021U 14033M   15061.43366327  .00003528  00000-0  39704-3 0  9999
2 40021  97.9633 321.7001 0014125 168.9940 191.1585 14.87257905 37930
NANOSATC-BR1            
1 40024U 14033Q   15061.46441630  .00002768  00000-0  31535-3 0  9995
2 40024  97.9612 321.6072 0013024 166.8296 193.3230 14.86938915 37932
QB50P1                  
1 40025U 14033R   15061.42006763  .00002218  00000-0  25592-3 0  9992
2 40025  97.9627 321.5075 0012741 167.1770 192.9783 14.86620522 37937
FLOCK 1C-7              
1 40026U 14033S   15061.53334122  .00001772  00000-0  20469-3 0  9990
2 40026  97.9694 321.8515 0012018 168.7807 191.3693 14.86840807 37954
FLOCK 1C-1              
1 40027U 14033T   15061.41995772  .00001945  00000-0  22340-3 0  9994
2 40027  97.9692 321.6862 0013205 168.2878 191.8695 14.86948554 37931
POPSAT-HIP-1            
1 40028U 14033U   15061.38058660  .00002501  00000-0  28871-3 0  9991
2 40028  97.9654 321.5214 0014623 166.6007 193.5574 14.86467827 37913
FLOCK 1C-2              
1 40029U 14033V   15061.23043561  .00001817  00000-0  20949-3 0  9997
2 40029  97.9676 321.4566 0014156 165.5948 194.5703 14.86870763 37899
FLOCK 1C-4              
1 40031U 14033X   15061.22351991  .00001520  00000-0  17634-3 0  9996
2 40031  97.9669 321.4688 0015113 164.4776 195.6911 14.86841894 37885
QB50P2                  
1 40032U 14033Y   15061.42258209  .00002162  00000-0  25230-3 0  9991
2 40032  97.9629 321.3424 0012571 159.9896 200.1840 14.86192431 37920
FLOCK 1C-11             
1 40033U 14033Z   15061.43860455  .00001648  00000-0  19046-3 0  9991
2 40033  97.9704 321.6841 0012864 159.9632 200.2073 14.86909179 37939
ANTELSAT                
1 40034U 14033AA  15061.42708963  .00001666  00000-0  26376-3 0  9990
2 40034  97.9576 315.7729 0061946 101.1553 259.6609 14.72298421 37582
FLOCK 1C-9              
1 40035U 14033AB  15061.24484816  .00002266  00000-0  25969-3 0  9993
2 40035  97.9691 321.5084 0012329 159.3660 200.8039 14.86880066 37891
FLOCK 1C-6              
1 40036U 14033AC  15061.52533661  .00002201  00000-0  25227-3 0  9994
2 40036  97.9684 321.7878 0012487 158.4827 201.6927 14.86918302 37943
PERSEUS-M2              
1 40037U 14033AD  15061.36247163  .00001133  00000-0  13788-3 0  9998
2 40037  97.9673 321.2723 0014871 160.9828 199.1947 14.85359258 37899
FLOCK 1C-5              
1 40038U 14033AE  15061.40540477  .00001464  00000-0  17011-3 0  9998
2 40038  97.9714 321.6030 0015194 157.9425 202.2469 14.86840308 37919
PERSEUS-M1              
1 40039U 14033AF  15061.35562943  .00001021  00000-0  12603-3 0  9996
2 40039  97.9685 321.1781 0014885 155.5558 204.6372 14.84998575 37896
FLOCK 1C-8              
1 40040U 14033AG  15061.46824007  .00004594  00000-0  51616-3 0  9997
2 40040  97.9698 321.7156 0014653 153.5793 206.6181 14.87156743 37926
FLOCK 1C-3              
1 40041U 14033AH  15061.54704673  .00001742  00000-0  20124-3 0  9995
2 40041  97.9698 321.7612 0013555 154.0219 206.1691 14.86856284 37931
POLYITAN-1              
1 40042U 14033AJ  15061.44727735  .00002843  00000-0  33217-3 0  9999
2 40042  97.9700 321.4077 0015675 154.9459 205.2491 14.85851680 37907
TIGRISAT                
1 40043U 14033AK  15061.34988716  .00001131  00000-0  17870-3 0  9993
2 40043  97.9550 315.9752 0062650 104.9569 255.8576 14.72963768 37442
LEMUR-1                 
1 40044U 14033AL  15061.36767355  .00001061  00000-0  16880-3 0  9992
2 40044  97.9552 315.9619 0061553 105.2466 255.5520 14.72835025 37459
AEROCUBE 6A             
1 40045U 14033AM  15061.45485993  .00002388  00000-0  37039-3 0  9990
2 40045  97.9583 315.9066 0061632 101.1706 259.6430 14.72793818 37313
AEROCUBE 6B             
1 40046U 14033AN  15061.38751047  .00002596  00000-0  40194-3 0  9996
2 40046  97.9589 315.8299 0061327 100.9922 259.8158 14.72808867 37438
UKUBE-1                 
1 40074U 14037F   15061.48315843  .00002355  00000-0  30665-3 0  9997
2 40074  98.3704 128.9364 0004089 216.3452 143.7490 14.81640830 35039
BRITE-PL 2              
1 40119U 14049B   15061.19763898  .00001229  00000-0  15706-3 0  9993
2 40119  97.9976 137.8987 0016646 301.7973  58.1626 14.83175104 28901
FLOCK 1B-24             
1 40122U 98067EU  15060.90081905  .00392571  72690-4  96613-3 0  9996
2 40122  51.6186 240.4675 0005406 286.7571 217.5337 15.95466893 66148
FLOCK 1B-23             
1 40123U 98067EV  15061.52786664  .02195766  11833-4  11876-2 0  9998
2 40123  51.6100 234.3914 0010810 312.0185  47.9737 16.18890152 66281
FLOCK 1B-2              
1 40132U 98067FB  15061.51892626  .00444583  93448-4  96030-3 0  9993
2 40132  51.6152 235.0149 0002554   2.7234  37.1467 15.97848504 30192
FLOCK 1B-8              
1 40133U 98067FC  15061.50228973  .01778111  31005-2  11296-2 0  9998
2 40133  51.6097 232.6945 0007892 296.8192  63.1992 16.17628072 66524
FLOCK 1B-17             
1 40140U 98067FF  15061.49061992  .02190173  11902-4  96280-3 0  9990
2 40140  51.6135 234.1152 0006644 303.9256  58.1466 16.21637925 27975
FIREBIRD 4              
1 40378U 15003C   15061.49889728  .00009688  00000-0  50789-3 0  9992
2 40378  99.1276  75.3964 0164304 242.0982 116.3586 15.05073193  4498
GRIFEX                  
1 40379U 15003D   15061.30271523  .00008395  00000-0  44434-3 0  9995
2 40379  99.1278  75.1580 0164097 243.8863 114.5439 15.04844217  4465
EXOCUBE                 
1 40380U 15003E   15061.50600578  .00006530  00000-0  34920-3 0  9993
2 40380  99.1297  75.3988 0164493 242.2651 116.1858 15.04588697  4493
AESP 14                 
1 40389U 98067FM  15060.95682027  .00105495  00000-0  12504-2 0  9993
2 40389  51.6473 259.0673 0002169  95.9874  57.6635 15.60393834  9333
FLOCK-1B 27             
1 40422U 98067FN  15061.48785896  .00044679  00000-0  63774-3 0  9990
2 40422  51.6423 256.9382 0006014  88.4595 271.6811 15.55800147  9393
FLOCK-1B 28             
1 40423U 98067FP  15061.48792985  .00070801  00000-0  10027-2 0  9996
2 40423  51.6456 256.9406 0005659  79.6344 280.5285 15.55816174  9396
